208,0
202,4
202,3
202,2
202,1
202,0
199,3
199,2
199,1
199,0
182,3
182,2
182,1
182,0
165,6
165,3
165,2
165,1
165,0
160,9
160,8
160,7
160,6
160,5
160,4
160,3
160,2
160,1
160,0
149,4
149,3
149,2
149,1
149,0
147,26
147,25
147,24
147,23
147,22
147,21
147,20
147,19
147,18
147,17
147,16
147,15
147,14
147,13
147,12
147,11
147,10
147,9
147,8
147,7
147,6
147,5
147,4
147,3
147,2
147,1
147,0
145,6
145,5
145,4
145,3
145,2
145,1
145,0
140,11
140,10
140,9
140,8
140,7
140,6
140,5
140,4
140,3
140,2
140,1
140,0
137,6
137,5
137,2
137,1
137,0
135,5
135,4
135,2
135,1
135,0
129,5
129,4
129,3
129,2
129,1
129,0
125,3
125,2
125,1
125,0
135,3
124,4
124,2
124,1
124,0
121,3
121,2
121,1
137,7
121,0
137,3
117,4
117,3
117,2
117,1
117,0
116,4
116,3
116,2
116,1
116,0
124,3
113,5
113,4
113,3
113,2
113,1
113,0
109,3
109,2
109,1
109,0
41,3
41,2
41,1
41,0
33,4
33,3
33,2
33,1
33,0
27,4
27,3
27,2
27,1
27,0
26,4
26,3
26,2
26,1
26,0
24,6
24,5
24,4
24,3
24,2
24,1
24,0
23,5
23,4
23,3
23,2
23,1
23,0
22,5
22,4
22,3
22,2
22,1
22,0
19,5
19,4
19,3
19,2
19,1
19,0
17,5
17,4
17,3
17,2
17,1
17,0
15,5
15,4
15,3
15,2
15,1
15,0
5,5
5,4
5,3
5,2
5,1
5,0
4,3
4,2
4,1
4,0
3,6
3,5
3,4
3,3
3,2
3,1
3,0
2,23
2,22
2,21
2,20
2,19
2,18
2,15
2,13
2,12
2,10
2,6
2,5
2,3
2,2
2,1
2,0
1,3
1,2
1,1
1,0
0,435
0,434
0,401
0,395
0,301
0,243
0,9
0,0
0,1
208,1
208,2
210,0
210,1
210,3
217,0
217,2
217,4
233,0
233,2
233,3
233,5
235,1
235,2
235,4
235,5
245,1
245,2
245,4
247,1
247,2
247,4
247,5
249,1
249,3
249,4
270,0
270,1
270,3
270,4
278,0
278,2
278,3
280,1
280,2
288,0
288,2
288,3
288,5
290,0
290,2
290,3
290,5
295,1
295,2
295,4
295,5
320,1
320,3
320,4
323,0
323,1
323,3
323,5
325,0
325,2
325,3
339,0
339,1
339,3
352,0
352,1
352,3
352,4
357,0
357,2
357,3
357,5
359,0
359,2
359,3
361,0
361,2
361,3
361,5
361,6
361,10
362,1
362,2
362,8
365,0
365,2
365,3
367,1
367,3
367,4
369,0
369,1
369,3
369,5
369,6
370,1
370,2
370,4
371,0
371,1
371,3
372,0
372,2
372,3
372,5
393,1
393,2
393,4
395,0
395,2
395,4
395,5
396,1
396,2
396,4
398,0
398,2
398,4
398,5
399,1
399,2
399,4
401,1
401,2
401,4
401,5
402,1
402,2
402,4
404,1
404,2
404,4
404,5
405,1
405,3
405,4
407,1
407,2
407,4
407,5
408,1
408,3
408,4
410,1
410,2
410,4
411,0
411,1
411,3
411,4
413,1
413,3
413,4
414,0
414,1
414,3
414,4
416,1
416,3
416,4
417,0
417,1
417,3
419,0
419,1
419,3
419,4
420,0
420,1
420,3
422,0
422,1
422,3
422,4
424,0
424,2
424,3
424,5
424,6
424,10
428,0
428,2
428,4
428,5
429,1
429,2
431,0
431,2
431,3
432,1
432,2
432,4
433,1
433,2
435,0
435,1
435,3
435,4
435,6
437,1
437,2
437,4
444,0
444,2
444,4
444,5
444,7
444,8
449,1
449,2
449,4
449,6
450,0
450,2
450,3
451,0
451,2
451,3
451,5
452,0
452,2
452,3
452,5
454,1
454,2
456,0
456,1
456,3
458,0
458,1
458,3
458,4
459,1
459,2
459,4
463,1
463,2
463,4
464,0
464,2
464,4
467,0
467,2
467,3
467,5
467,7
467,8
467,10
467,9
467,6
467,4
467,1
464,3
464,1
463,3
463,0
459,3
459,0
458,2
456,4
456,2
454,3
454,0
452,4
452,1
451,4
451,1
450,4
450,1
449,5
449,3
449,0
444,6
444,3
444,1
437,3
437,0
435,5
435,2
433,3
433,0
432,3
432,0
431,1
429,3
429,0
428,3
428,1
424,8
424,4
424,1
422,5
422,2
420,4
420,2
419,5
419,2
417,4
417,2
416,5
416,2
416,0
414,2
413,5
413,2
413,0
411,2
410,5
410,3
410,0
408,2
408,0
407,3
407,0
405,2
405,0
404,3
404,0
402,3
402,0
401,3
401,0
399,3
399,0
398,3
398,1
396,3
396,0
395,3
395,1
393,3
393,0
372,4
372,1
371,2
370,5
370,3
370,0
369,4
369,2
367,5
367,2
367,0
365,1
362,3
362,0
361,7
361,4
361,1
359,4
359,1
357,4
357,1
352,10
352,2
339,4
339,2
325,4
325,1
323,4
323,2
320,5
320,2
320,0
295,3
295,0
290,4
290,1
288,4
288,1
280,3
280,0
278,1
270,5
270,2
249,5
249,2
249,0
247,3
247,0
245,3
245,0
235,3
235,0
233,4
233,1
217,3
217,1
210,2
208,3
0,573
0,572
0,300
0,299
0,298
0,297
0,296
0,295
0,294
0,293
0,292
0,291
0,290
0,289
0,288
0,287
0,286
0,285
0,284
0,283
0,282
0,281
0,280
0,279
0,384
0,278
0,277
0,276
0,275
0,274
0,273
0,272
0,271
0,270
0,269
0,268
0,267
0,266
0,265
0,264
0,263
0,262
0,261
0,260
0,259
0,258
0,257
0,256
0,255
0,254
0,253
0,252
0,251
0,250
0,249
0,248
0,247
0,246
0,245
0,244
0,242
0,241
0,240
0,239
0,238
0,237
0,236
0,235
0,234
0,233
0,232
0,231
0,230
0,229
0,228
0,227
0,226
0,225
0,224
0,223
0,222
0,221
0,220
0,219
0,218
0,217
0,216
0,215
0,214
0,213
0,212
0,211
0,210
0,209
0,208
0,207
0,206
0,205
0,204
0,203
0,202
0,201
0,200
0,199
0,198
0,197
0,196
0,195
0,194
0,193
0,192
0,63
0,62
0,61
0,60
0,59
0,58
0,57
0,56
0,55
0,54
0,53
0,52
0,51
0,50
0,49
0,48
0,47
0,46
0,45
0,6
0,5
0,304
0,303
0,306
0,305
0,302
0,12
0,311
0,10
0,8
0,563
0,11
0,4
0,2
0,3
0,7
